8342672
15436479
47437024
87037197
89091315
122388296
129328539
137576486
156292821
164208905
165840165
198850420
207395334
210410584
212524689
226352032
231831876
233708315
263114247
265736529
274796390
291306510
303630664
304762581
315719647
319802015
321961465
325587342
337567340
340147223
341245108
343917557
345096158
348631128
349070959
350906889
352434751
357468759
358220713
358591608
360067150
360919133
361027497
362369682
364279933
364345810
364347359
364352032
364354685
364358729
364409584
364418874
364434340
364459408
364509953
364583224
364587840
364590178
364602977
364654531
364658017
364660295
364731670
364734825
364744658
364750035
364753035
364884900
364889637
364892967
364895871
365308347
365314553
365314893
365624086
